0.1394368876303
1.05567892386875
0.305934449880126
0.273933460925448
1.62382824955943
0.182354123553935
0.479994253234422
0.62902839106501
0.204887672549787
0.401715551947659
0.289863747530584
0.673471934444515
1.2749750511593
0.54198704466919
0.765500877832304
0.63346891334855
0.730524990665627
0.361635995704337
0.344754488193397
0.338344750915396
0.374420739696328
1.08305890774757
1.29477846305025
0.0725471868137529
0.302481541632417
0.749757191834411
0.334604817432094
0.394388457828129
0.169966528192163
1.08167032891871
0.397225047758126
0.0487406942204479
0.377962470040623
0.142091769143008
0.0835322927450761
0.496904102436511
0.639897780464896
0.49053193313053
0.364548554319545
0.605507412276475
0.53913403409907
0.133467249770331
2.15505345091039
0.409241232386136
0.352638034961803
0.318669443008232
0.760637705187856
0.845165053340507
0.400008555177256
0.476714902074714
0.140651341993362
0.270737004762793
0.144911571522243
0.274875697669315
0.198823721768955
0.814413076224637
0.209250386959563
0.220918705066045
0.0999319329857826
0.772235004189325
0.0243203540643056
0.313109091779494
0.233669782745394
0.218812419256816
0.148483025062662
0.380509143991673
0.451077176554406
1.07395923628769
0.319953929855231
0.746916510663215
0.153233146527782
0.15064306013907
0.251728059713471
0.197461942986896
0.218309981272298
1.39881234980168
0.482813645126232
0.420964244118238
1.02293752376598
0.146816906674455
0.31153028224476
0.287598713989112
0.209351084039857
0.0807282835012302
0.891467840058319
0.503786301753132
0.479267467070018
0.546036966737914
0.690524711556045
0.874559269699842
0.284187082423571
0.320343938645649
0.582796196622208
0.0475833883974701
0.763898730619201
0.708349993410421
0.394098867768568
0.842658150278243
0.421603480029508
0.238918297447938
